13.502766
16.521311
7.574568
5.416342
4.728327
3.959664
3.579540
3.298061
3.064906
2.769982
2.670431
2.633114
2.517777
2.378328
2.384284
2.290486
2.211340
2.101162
2.043337
2.089115
2.008730
1.910664
1.872457
1.856590
1.795627
1.766424
1.715975
1.686537
1.658530
1.656522
1.650846
1.603533
1.597410
1.584791
1.528186
1.471652
1.484953
1.467905
1.453918
1.471678
1.433383
1.413732
1.356813
1.350263
1.339821
1.349911
1.294957
1.307657
1.281121
1.219136
1.254541
1.264412
1.201456
1.171151
1.170767
1.161423
1.129839
1.093738
1.093658
1.107260
1.046528
1.012234
1.004645
0.997601
0.988743
0.970050
0.946385
0.947864
0.880423
0.882006
0.905326
0.878839
0.853914
0.830021
0.839233
0.789463
0.794936
0.760288
0.740664
0.783111
0.772759
0.721715
0.711491
0.651237
0.704510
0.696283
0.684097
0.672838
0.661656
0.693407
0.674267
0.649446
0.583519
0.609203
0.589821
0.575777
0.611414
0.661774
0.583380
0.609342
0.604021
0.543699
0.496781
0.534564
0.494969
0.500767
0.471589
0.499534
0.510182
0.502590
0.495254
0.515866
0.474723
0.474270
0.493238
0.481336
0.492749
0.534517
0.519210
0.485126
0.479732
0.514946
0.485464
0.501227
0.494173
0.504296
0.527572
0.468101
0.443497
0.451221
0.476070
0.486347
0.444404
0.473904
0.472631
0.449059
0.447635
0.452902
0.438410
0.435743
0.465565
0.456909
0.485929
0.468211
0.473754
0.432677
0.491768
0.444871
0.417251
0.478879
0.425533
0.472836
0.427157
0.427609
0.463613
0.461177
0.488929
0.436741
0.460944
0.452969
0.449091
0.469442
0.448209
0.438591
0.430057
0.419676
0.442450
0.438686
0.454429
0.451918
0.430786
0.440721
0.429946
0.426884
0.392651
0.424724
0.419117
0.450730
0.425824
0.405420
0.435311
0.431819
0.405321
0.422845
0.416570
0.441874
0.438941
0.412459
0.420859
0.420735
0.441160
0.401333
0.443473
0.428565
0.423971
0.405353
0.444053
0.441084
0.386313
0.409618
